28690
28690
28690
28690
28690
28690
28690
28690
28690
28690
28690
28690
28690
28690
28098
28098
28098
28098
28098
28098
28098
28098
28098
28098
28098
28098
28098
28098
28098
28098
28098
28098
27651
27651
27651
27651
27651
27651
27651
27651
27541
27541
28765
28765
28765
28765
28765
28765
28765
28765
28765
28765
28765
28765
28765
28765
28765
28765
28765
28765
28765
28765
28765
28765
28765
28765
28765
28765
27325
27325
27325
27325
27325
27325
27325
27325
29329
29329
27325
27325
27325
27325
29905
29343
28316
29000
29000
29792
29792
29792
29792
29792
29792
29792
29792
28316
28316
28316
27179
27179
27179
27179
27179
27179
28661
28661
28661
28661
26727
26727
29713
29713
29713
29713
29713
29713
28368
28368
29660
29660
29660
29660
29713
29713
29166
29166
29166
29166
28499
28499
28499
28499
28499
28499
28499
28499
29660
29660
29858
29858
29855
29855
29858
29858
29855
29855
28951
28951
29566
29566
29734
29734
27497
27497
27497
27497
28951
28951
26859
26859
28366
28366
27497
27497
27497
27497
27497
27497
27497
27497
27497
27497
28366
28366
27497
27497
27497
27497
27497
27497
29725
29725
27497
27497
27497
27497
27497
27497
27497
27497
29141
29141
28392
28392
28392
28392
28392
28392
29609
29609
28098
28098
28362
28362
29833
29833
28098
28098
29758
29758
29758
29758
27058
27058
26930
26930
27027
27027
29080
29080
29874
29874
29822
29822
28471
28471
28150
28150
28835
28835
29859
29859
28835
28835
29334
29334
29334
29334
29334
29334
29334
29334
29334
29334
26877
26877
29693
29693
27778
27778
27778
27778
27778
27778
26490
26490
26490
26490
28805
28805
29693
29693
26132
26132
27485
27485
27024
27024
28287
28287
28287
28287
28287
28287
28879
28879
29729
29729
29729
29729
29618
29618
29618
29618
27350
27350
29729
29729
29187
29187
29729
29729
29729
29729
29702
29702
26786
26786
26320
26320
26743
26743
29187
29187
29268
29268
29280
29280
26743
26743
26743
26743
27342
27342
27342
27342
27342
27342
27342
27342
29558
29558
29558
29558
29558
29558
29280
29280
27342
27342
29558
29558
29558
29558
29558
29558
29558
29558
29558
29558
26789
26789
26760
26760
26760
26760
29510
29510
26789
26789
28304
28304
28304
28304
29474
29474
29802
29802
29474
29474
26830
26830
29000
29000
26830
26830
29802
29802
29037
29037
29037
29037
29037
29037
29037
29037
29802
29802
29802
29802
29162
29162
29162
29162
29162
29162
29162
29162
29162
29162
28202
28849
28849
28849
26837
26837
28202
27539
27539
28849
28849
28365
28365
27400
27400
26998
26998
28933
28933
28202
28202
26998
26998
28847
28847
29109
29109
28847
28847
27149
27149
29905
25965
25965
26622
26622
28191
28191
28191
28191
29148
29148
26831
26831
26759
26759
29148
29148
26831
26831
26759
26759
26072
26072
29692
29692
26072
26072
29449
29449
29449
29449
29449
29449
27922
27922
28016
28016
26767
26767
27922
27922
28655
28212
28212
28212
28212
28212
28212
28212
28212
28212
28212
28212
28212
28212
28212
28212
28212
28212
28212
28212
28212
28212
28212
28212
28212
28212
28212
28212
28212
28212
28212
28212
28212
28212
28212
28212
28212
28212
28212
28212
28212
28212
28212
28212
28212
28212
28212
28212
28212
28212
28212
28212
28212
28212
28212
28212
28212
28212
28212
28212
28212
28212
28212
28212
28212
28212
28212
28212
28212
28212
28212
28212
28212
28212
28212
28212
28212
28212
28212
28212
28212
28212
28212
28212
28212
28212
28212
28212
28212
28212
28212
28212
28212
28212
28212
28212
28212
28212
28212
28212
28212
29796
29796
28212
28212
29216
29216
27520
27520
26410
26410
29531
29531
29801
29801
27314
27314
27351
27351
29364
29364
29379
29379
26105
26105
27788
27788
26873
26873
28254
28254
26653
26653
29292
29292
28603
28603
28143
28143
26384
26384
26236
26236
29515
29515
26798
26798
29439
29439
29772
29772
29772
29772
26728
26728
29675
29675
29439
29439
29806
29806
29806
29806
29623
29623
29623
29623
29779
29779
29779
29779
26256
26256
29731
29731
29436
29436
29436
29436
28223
28223
29436
29436
26764
26764
28207
28207
29065
29065
29713
29713
29713
29713
29713
29713
29713
29713
29713
29713
29713
29713
29713
29713
29324
29324
28205
28205
29713
29713
29713
29713
28211
28211
28610
28610
26632
26632
29707
29707
27298
27298
27298
27298
27298
27298
27298
27298
27298
27298
27298
27298
27298
27298
27298
27298
28470
28470
28470
28470
28470
28470
28470
28470
28470
28470
28470
28470
28945
28142
28142
28142
28142
28142
28142
28142
28142
28142
28142
28368
28142
28142
28368
28368
28368
28142
28142
28368
28368
28368
28368
28142
28142
28368
28368
28142
28142
28142
28142
28142
28142
28499
28499
28499
28499
29636
29636
29636
29636
29636
29636
29636
29636
29636
29636
29636
29636
29636
29636
29636
29636
29636
29636
29636
29636
29636
29636
29636
29636
29636
29636
29636
29636
29636
29636
29636
29636
29636
29636
29636
29636
29636
29636
29636
29636
29636
29636
29636
29636
29636
29636
29636
29636
29636
29636
29636
29636
29636
29636
29636
29636
29636
29636
29636
29636
29377
29377
29377
29377
29377
29377
29377
29377
29377
29377
29377
29377
29377
29377
29377
29377
29377
29377
29377
29377
29377
29377
29377
29377
29377
29377
29377
29377
29377
29377
29377
29377
29377
29377
29377
29377
29377
29377
29377
29377
29377
29377
29377
29377
29377
29377
29377
29377
29377
29377
29377
29377
29377
29377
29377
29377
29377
29377
27786
27786
27786
27786
27786
27786
27786
27786
27786
27786
27786
27786
27786
27786
27786
27786
27786
27786
27786
27786
27786
27786
27786
27786
27786
27786
27786
27786
27786
27786
28359
28359
28359
28359
28359
28359
29928
29928
28793
28793
28793
28793
28793
28793
28793
28793
28793
28793
28793
28793
28793
28793
28793
28793
28688
28688
28688
28688
28688
28688
28642
28688
28688
28688
28688
28642
28050
28642
28642
28642
28642
28642
28050
27381
28642
28642
28642
28642
28642
28642
27381
27381
27381
27381
27381
27381
27381
27381
27381
27381
27381
27381
27381
27381
27381
27381
27381
29202
28718
28718
29202
28718
28718
28718
28718
29938
28718
28718
28718
28718
29202
29202
29932
29932
29110
29110
29937
29938
28341
28341
28341
28341
28341
28341
28341
28341
28341
28341
27535
27535
29670
29670
29670
29670
29670
29670
29670
29670
29670
29670
27535
27535
28341
28341
29670
29670
28341
28341
28341
28341
28341
28341
29670
29670
28341
27535
27535
28341
27535
27535
29670
29670
29670
29670
29670
29670
29837
29837
29837
29837
29837
29837
29837
29837
29837
29837
29837
29837
29837
29837
29837
29837
29670
29670
29837
29837
29837
29837
29837
29837
29837
29837
29837
29837
29837
29837
29837
29837
29837
29837
29837
29837
29837
29837
29837
29837
29837
29837
29837
29837
29837
29837
29837
29837
29837
29837
29837
29837
29837
29837
29837
29837
29837
29837
29837
29837
27157
27157
27157
27157
27157
27157
27157
27157
27157
27157
27157
27157
27157
27157
27157
27157
27157
27157
27157
27157
27157
27157
27157
27157
27157
27157
27157
27157
27157
27157
27157
27157
27157
27157
27157
27157
27157
27157
27157
27157
27157
27157
27450
27450
27450
27450
27157
27157
27157
27157
27157
27157
28679
28679
28679
28679
28679
28679
28679
28679
28679
28679
28679
28679
28679
28679
28679
28679
28679
28679
28679
28679
28679
28679
28679
28679
28679
28679
28679
28679
28679
28679
28679
26917
26917
26917
26917
26917
26917
26917
26917
26917
26917
26917
26917
26917
26917
26917
26917
26917
26917
26917
26917
26917
26917
26917
26917
26917
26917
26917
26917
26917
26917
26917
26917
26917
26917
26917
26917
26917
26917
26917
26917
28679
28679
28679
29689
29689
28679
28679
29689
29689
28679
28679
28679
28679
28679
28679
28679
28679
28679
28679
29689
29689
27868
29689
29689
29689
29689
29689
29689
29689
29689
29689
29689
29689
29689
29689
29689
29689
29689
29689
29689
29689
29689
29689
29689
29689
29689
29689
29689
29689
29689
29689
29689
29689
29689
29689
29689
29689
29689
29689
29689
29689
29689
29689
29689
29689
29689
27868
27868
27868
27868
27868
27868
27868
27868
29455
29455
27868
27868
27868
27868
27868
29489
29489
29489
29489
29489
29489
29489
29489
29489
29489
29489
29489
29489
29489
29489
29489
29489
29489
29489
29489
29489
29489
29489
29489
29489
29489
29489
29489
29489
29489
29489
29489
29489
29489
29489
29489
29489
29489
29489
29489
29489
29489
29489
29489
29489
29489
29489
29489
29489
29489
29489
29489
29489
29489
29489
29489
29489
29489
29489
29489
29489
29489
29489
29489
29489
29489
29489
29489
29489
29489
29489
29489
29489
29489
29489
29489
29489
29489
29489
29489
29489
29489
29489
29489
29489
29489
29489
29489
29489
29489
29489
29489
29489
29489
29489
29489
29489
29489
29489
29489
29489
29489
29489
29489
29489
29489
29489
29489
29489
29489
29489
29489
29489
29489
29489
29489
29489
29489
29489
29489
29489
29489
29489
29489
29489
29489
29489
29941
29489
29489
29489
29489
29489
29489
29489
29489
29489
29489
29489
29489
29489
29489
29489
29489
29489
29489
29489
29489
29489
29489
29489
29489
29489
29489
29489
29489
29489
29489
29489
29489
29489
29489
29489
29489
29651
29489
29489
29489
29489
29489
29489
29489
29489
29489
29489
29489
29489
29489
29489
29489
29489
29489
29489
29489
29489
29942
29942
29489
29942
29942
28483
28483
28483
28483
29942
29942
29489
29489
28483
28483
28483
28483
28483
28483
29489
29489
29489
29489
29489
29489
29102
29102
29102
29102
29102
29102
29102
29102
29102
29102
29102
29102
29102
29102
29102
29102
29102
29102
29102
29102
29102
29102
29102
29102
27005
27005
27005
27005
27005
27005
27005
27005
27005
27005
27005
27005
27005
27005
27005
27005
27005
27005
27005
27005
27005
27005
27005
27005
27005
27005
27005
27005
27005
27005
27005
27005
27005
27005
27005
27005
27005
27005
27005
27005
27005
27005
27005
27005
27005
27005
27005
27005
27005
29844
29844
27005
27005
27005
27005
27005
27005
27005
29844
29844
29844
29844
29844
29844
29844
29844
29844
29844
29844
29844
29844
29844
29844
29844
29844
29844
29844
29844
29844
29844
29844
29844
29844
29844
29844
29844
29844
29844
29844
29844
29844
29844
29844
29844
29844
29844
29844
29844
29844
29844
29844
29844
29844
29844
29844
29945
29844
29844
29844
29844
29844
29844
29844
29844
29844
29844
29844
29844
29844
29844
29844
29844
29844
29844
29844
29844
29844
29844
29844
29844
29844
29844
29844
29844
29844
29844
29844
27005
27005
27005
27005
27384
28035
28035
28035
28035
28035
28035
28035
28035
27384
27384
27384
29722
29946
29946
28432
28432
28432
28432
29514
28432
28432
28432
28432
28432
28432
28432
28432
28432
28432
29722
28481
28481
28481
28481
28481
28481
28481
28481
28481
28481
28481
28481
28481
28481
28481
28481
28481
28481
28481
28481
28481
28481
28481
28481
28481
28481
28481
28481
28481
28481
28481
28481
28481
28481
28481
28481
28481
28481
28481
28481
28481
28481
28481
28481
28481
28481
28481
28481
27019
27019
27019
27019
27019
27019
27019
27019
27019
27019
27019
27019
27019
27019
27019
27019
29835
26972
26972
26972
26972
26972
26972
29835
26972
26972
29835
29835
29835
29835
26972
26972
27028
27028
27028
27028
27028
27028
27028
27028
27028
27028
27028
27028
27028
27028
28763
29937
29937
28763
29955
29955
29955
29955
29955
27842
27842
29955
29955
29955
29955
29955
29955
29955
29955
29955
29955
29955
29955
29955
29955
29955
29955
29955
29955
29955
29955
29955
29955
29955
29955
29955
29959
28506
26723
26723
29959
29959
29959
28566
28478
28478
28478
28478
28566
28566
28566
28566
29959
29959
29959
29959
28109
28109
28109
28109
26814
26814
26814
26814
26814
26814
26814
26814
26814
26814
26814
26814
26814
26814
28109
28109
26814
26814
28566
28566
28566
26814
28478
28478
26814
26814
26814
26814
26814
26814
26814
26814
26814
28109
28109
26814
26814
26823
26823
27131
27131
27131
27131
27131
27131
27131
27131
27131
27131
27131
27131
27131
27131
27131
27131
27131
27131
27131
27131
27131
27131
27131
27131
27209
27209
27209
27209
27209
27209
27209
27209
27209
27209
27209
27209
27209
27209
27209
27209
27209
27209
27209
27209
27209
27209
27209
27209
27209
27209
27209
27209
27209
27209
27209
27209
27209
27209
27209
27209
26823
26823
26823
26823
26823
26823
26823
26823
27131
27131
26823
26823
27131
27131
27131
27131
27131
27131
27131
27131
27209
27209
27209
27209
27209
27209
27209
27209
27209
27209
27209
27209
26823
26823
27209
27209
26823
26823
26823
26823
26823
26823
27131
27131
27131
27131
28729
28729
28729
28729
28729
28729
28729
28729
28729
28729
28729
28729
28729
28729
28729
28729
28729
28729
28729
28729
28729
28729
28729
28729
28729
28729
28729
29054
29054
28729
28729
28729
28729
28729
28729
28729
28729
28729
28729
29054
29054
29054
29054
29054
29054
29054
29054
29054
29054
29054
29054
29054
29054
29054
29054
29054
29054
29054
29054
29054
29054
29054
29054
29054
29054
29054
29054
29054
29054
29054
29054
29054
29054
29054
29054
29054
29054
29054
29054
29054
29054
29054
29054
29054
29054
29054
29054
29054
29054
29054
29054
29054
29054
29054
29054
29054
29054
29054
29054
29054
29054
29054
29054
28729
27702
27702
27702
27702
27702
27702
27702
27702
27702
27702
27702
27702
27702
27702
27702
27702
27702
27702
27702
27702
27702
27702
27702
27702
29054
29054
27702
27702
29054
29054
29054
29054
27702
27702
27702
27702
27702
27702
27702
27702
27702
27702
27702
27702
27702
27702
27702
27702
27702
27702
27702
29054
29054
27702
27702
27702
27702
27702
27702
27702
27702
27702
27702
27702
27702
27702
27702
27702
27702
27702
27702
27702
27702
27702
27702
27702
27702
27702
27702
27702
27702
27702
27702
27702
27702
27702
27702
27702
27702
27702
27702
27702
27702
27702
27702
27702
27702
27702
27702
27702
27702
27702
27702
27702
29323
29323
29323
29323
29323
29323
29323
29323
29323
29323
29323
29323
29323
29323
29323
29323
29323
29323
29323
29323
29323
29323
29323
29323
29323
29323
29323
29323
29323
29323
29323
29323
29323
29323
29323
29323
29323
29323
29323
29323
29323
29323
29323
29323
29323
29323
29323
29323
29323
29323
29323
29323
29323
29323
29323
29323
29323
29323
29323
29323
29323
29323
29323
29323
29323
29323
29323
29323
29323
29323
29323
29323
29323
29323
29323
29323
29323
29323
29323
29323
29323
29323
29323
29323
29323
29323
29323
29323
29323
29323
29323
29323
29323
29323
29323
29323
29323
29323
29323
29323
29323
29323
29323
29323
29323
29323
29323
29323
29323
29323
29323
29323
29323
29323
29323
29323
29323
29323
29323
29323
29323
29323
29323
29323
29323
29323
29323
29323
29323
29323
29323
29323
29323
29323
29323
29323
29323
29323
29323
29323
29323
29323
29323
29323
29323
29323
29323
29323
29323
29323
29323
29323
29323
29323
29323
29323
29323
29323
29323
29323
29323
29323
29323
29323
29323
29323
29323
29323
29323
29323
29323
29323
29323
29323
29323
29323
29323
29323
29323
29323
29323
29323
29323
29323
29323
29323
29323
29323
29323
29323
29323
29323
29323
29323
29323
29323
29323
29323
29323
29323
29323
29323
29323
29323
29323
29323
29323
29323
29323
29323
29323
29323
29323
29323
29323
29323
29323
29323
29323
29323
29323
29323
29323
29323
29323
29323
29323
29323
29323
29323
29323
29323
29323
29323
29323
29323
29323
29323
29323
29323
29323
29323
29323
29323
29323
29323
29323
29323
29323
29323
29323
29323
29323
29323
29323
29323
29323
29323
29323
29323
29323
29323
29323
29323
29323
29323
29323
29323
29323
29323
29323
29323
29323
29323
29323
29323
29323
29323
29323
29323
29323
29323
29323
29323
29323
29323
29323
29323
29323
29323
29323
29323
29323
29323
29323
29323
29323
29323
29323
29323
29323
29323
29323
29323
29323
29323
29323
29323
29323
29323
29323
29323
29323
29323
29323
29323
29323
29323
29323
29323
29323
29323
29323
29323
29323
29323
29323
29323
29323
29323
29098
29098
29098
29098
29098
29098
29098
29098
29323
29323
29323
29323
29323
29323
29323
29323
29323
29323
29323
29323
27852
27852
27852
27852
27852
27852
27852
27852
27852
27852
27852
27852
27852
27852
27852
27852
27852
27852
27852
27852
27852
27852
27852
27852
29323
29323
29323
29323
29323
29323
29323
29323
29323
29323
29323
29323
29323
29323
29323
29323
29323
29323
29323
29323
29323
29323
29323
29323
29323
29323
29323
29323
29323
29323
29323
29323
29323
29323
29323
29323
29323
29323
29323
29323
29323
29323
29323
29323
29323
29323
29323
29323
29323
29323
29323
29323
29323
29323
29323
29323
29323
29323
29323
29323
29323
29323
29323
29323
29323
29323
29323
29323
29323
29323
29323
29323
29323
29323
29323
29323
29323
29323
29960
29960
29098
29098
29098
29098
29323
29323
29323
29323
29323
29323
29323
29323
29323
29323
29323
29323
29323
29323
29323
29323
29323
29323
28590
28590
28343
28343
28343
28343
28343
28343
28343
28343
28343
28343
28343
28343
28343
28343
28343
28343
28343
28343
28343
28343
28343
28343
28343
28343
28343
28343
28343
28343
28343
28343
28343
28343
28343
28343
28343
28343
28343
28343
28343
28660
28590
28590
28590
28590
28321
28321
28321
28321
28321
28321
28321
28321
28321
28321
28321
28321
28321
28321
28321
28321
28321
28321
28321
28321
28321
28321
28321
28321
28343
28590
28590
27852
27852
28343
28343
28343
28343
28590
28590
28343
28343
28660
28660
28660
28660
28660
28660
28660
28321
28321
28321
28321
28321
28321
28321
28321
28321
28321
28321
28321
28321
28321
28321
28321
28321
28321
28321
28321
28321
28321
28321
28321
28321
28321
28321
28321
29299
29299
29299
29299
29299
29299
29299
29299
29299
29299
29299
29299
28886
28886
28886
28886
28886
28886
28886
28886
28886
28886
28886
28886
28886
28886
28886
28886
28886
28886
28886
28886
28886
28886
28886
28886
28886
28886
28886
28886
28886
29299
29299
28886
28886
28886
28886
28886
28886
28886
28886
28886
28886
28886
28886
28886
28886
28886
28886
28886
28886
28886
28886
28886
28886
28886
28886
28886
28886
28886
28886
28886
28886
28886
28886
28886
28886
28886
28886
28886
28886
28886
28886
28886
28886
28886
28886
28886
28886
28886
28886
28886
28886
28886
28886
28886
28886
28886
29871
29871
29871
29871
29871
29871
28886
28886
28886
28886
28886
28886
28886
28886
28886
28886
28886
28886
28886
28886
28886
28886
28886
28886
28886
28886
29871
29871
29871
29871
29871
29871
29871
29871
29871
29871
29871
29871
29871
29871
29871
29871
29871
29871
29871
29871
29871
29871
29871
29871
29871
29871
29871
29871
29871
29871
29871
29871
29871
29871
27702
27702
27702
27702
27702
27702
29261
27339
27339
27339
27339
27339
27339
27339
27339
27339
27339
29261
29261
29261
29261
29261
29261
27339
27339
27339
27339
27339
27339
29871
29871
29261
29261
29261
29261
29261
29261
29261
29261
29261
29261
29261
27059
27059
27059
27059
27059
27059
27059
27059
27059
27059
27059
27059
27059
27059
27059
27059
27059
27059
27059
27059
29261
29261
29261
29261
29261
29261
29261
29261
29261
29261
29261
29261
29261
29261
27059
27059
27059
27059
27059
27059
27059
27059
27059
27059
27059
27059
27059
27059
27059
27059
27059
27059
27059
27059
27059
27059
27059
27059
27059
27059
27853
27853
28943
28943
28943
28943
28943
28943
28943
28943
28943
27853
27853
28943
28943
27853
27853
28943
28943
28943
28943
27912
27912
27912
27912
27912
27912
28943
28943
27912
27912
27912
27912
27912
27912
27912
27853
27853
28943
28943
27853
27853
27853
27853
27853
27853
27853
27853
27853
27853
27853
27853
26859
26859
28943
28943
29261
29261
29261
29261
26859
26859
27021
27021
29261
29261
29261
29261
29261
26859
26859
26859
26859
26859
26859
26859
26859
26859
26859
26859
26859
26859
26859
26859
26859
26859
26859
26859
26859
26859
27021
27021
29261
29261
29261
29261
29261
26859
26859
26859
26859
26859
26859
26859
26859
26859
26859
27021
27021
27021
27021
26859
26859
26859
26859
26859
29528
29528
29606
29606
29606
29606
29606
29606
29606
29606
29606
29528
29528
29528
29528
27059
29528
29528
29528
29528
29528
29528
29606
29606
29606
29606
29606
29606
29606
29606
29528
29528
29606
29606
29528
29528
29528
29528
29528
29528
29528
29528
27059
27343
27343
27021
27021
27021
27021
26859
26859
28943
28943
27021
27021
27021
27021
27021
27021
27021
27021
27021
27021
27021
27853
27853
27021
27021
27853
27853
27853
27853
27853
27853
27853
27853
27853
27853
27853
27853
27853
27853
27853
27853
27853
27853
27853
27853
27853
27853
27853
29606
29606
27021
27021
27021
27021
27021
27021
27021
27021
27021
27021
27021
27021
27021
27021
27021
27021
27021
27021
27021
27021
27021
27021
27021
27021
27021
27021
27021
27021
27021
27021
27021
27021
27021
27021
27021
27021
27021
27021
27021
27021
27021
27021
27021
27021
27021
27021
27021
27021
27021
27021
27021
27021
27021
27021
27021
27021
27021
27021
27021
27021
27021
27021
27021
27021
27021
27021
27021
27021
27021
27021
27021
27021
27021
29528
29528
27021
27021
27021
27021
27021
27021
27021
29528
29528
28502
28502
27021
27021
27021
27343
27343
27021
27021
27853
27853
29505
29962
29962
29505
27853
27853
27853
29962
29962
29105
29962
29962
28834
28834
27584
27584
27584
27584
27584
27584
29597
29105
29105
26889
26889
29597
28834
28834
26950
26950
29229
29229
29105
28476
29597
29597
29105
29105
29229
29229
26998
26998
28476
28476
29967
29967
28476
26950
26950
26900
26900
28849
29597
29597
27545
27545
28828
28828
28849
26813
26813
26813
26813
26813
26813
26813
26813
26813
26813
26813
26813
26813
26813
26813
26813
26813
26813
26813
26813
26813
26813
26813
26813
26813
26813
26813
26813
26813
26813
26813
26813
26813
26813
26813
26813
26813
26813
26813
26813
26813
26813
26813
26813
26813
26813
26813
26813
26813
26813
26813
26813
27495
27495
27495
27495
27495
27495
27495
27495
27495
27495
27495
27495
27495
27495
27495
27495
27495
27495
27495
27495
27495
27495
27495
27495
26813
26813
26813
26813
26813
26813
26813
26813
26813
26813
26813
26813
29847
29847
29847
29847
29847
29847
29847
29847
29847
29847
29847
29847
29847
29847
29847
29847
29847
29847
29847
29847
29847
29847
29847
29847
29847
27344
27344
27344
29847
29847
29847
27344
27344
27344
27344
27344
27344
27344
27344
27344
27344
27344
27344
27344
29847
29847
29847
29847
29847
29847
29847
29847
29847
29847
29847
29847
29847
29847
29847
27344
27344
27344
27344
27344
27344
27344
27344
27344
27344
27344
27344
27344
27344
27344
27344
27344
27344
27344
27344
27344
27344
27344
27344
27344
27344
27344
27344
27344
27344
27344
27344
27344
27344
27344
27344
27344
27344
27344
27344
27344
27344
27344
27344
27344
27344
27344
27344
27344
27344
27344
27344
27344
27344
27344
27344
27344
27344
27344
27344
27344
27344
28638
28638
27344
27344
27344
27344
27344
27344
27344
27344
27344
27344
27344
27344
27344
27344
27344
27344
29970
27344
27344
27344
27344
27344
27344
27344
27344
27344
27344
27344
27344
27344
27344
27344
27344
27344
27344
27344
27344
27344
27344
27344
27344
27344
27344
27344
27344
27344
27344
27344
27344
27344
27344
27344
27344
27344
27344
27344
27344
27344
27344
27344
27344
27344
27344
27344
27344
27344
27344
27344
27344
27344
27344
27344
27344
27344
27344
27344
27344
27344
27344
27344
27344
27344
27344
27344
27344
28640
28640
27344
27344
28829
28829
28829
28829
29969
29969
29969
29969
29969
29969
29969
29969
29969
29969
29969
29969
29969
29969
29969
29969
29969
29969
29969
29969
29969
29969
29969
29969
29969
29969
29969
29969
29969
29969
29969
29969
29969
29969
29969
29969
29969
29969
29969
29969
29969
29969
29969
29969
27504
27504
27344
27344
27344
27344
29969
29969
27504
27504
29847
29847
29847
29847
29847
29405
29405
29405
29405
29405
29405
29405
29405
29405
29405
29405
29405
29405
29405
29405
29405
29405
29405
29405
29405
29405
29405
29405
29405
29405
29405
29405
29405
29405
29405
29405
28535
28535
28535
28535
28535
28535
29405
29405
28535
28535
29405
29405
29405
29405
29405
29405
29405
29405
29405
29405
29405
29405
29405
29405
29405
29405
29405
29405
29542
29542
29405
29405
29405
29405
29405
29405
29405
29405
29405
29405
29405
29405
29405
29405
29405
29405
29405
29405
29405
29405
29405
29405
29405
29405
29542
29542
29542
29542
29542
29542
29542
29542
29542
29542
29542
29542
29542
29542
29542
29542
29542
29542
29542
29542
29542
29542
29405
29405
27440
27440
29405
29405
29405
29405
27440
27440
27440
27440
29405
29405
29405
29405
29405
29405
29405
29405
29405
29405
27928
27928
27928
27928
29405
27928
27928
29405
29405
27543
27928
27928
27543
27543
27543
27543
27543
27543
27543
27543
27543
27928
27928
27928
27928
27543
27543
27543
27543
27543
27543
27543
27543
27543
27543
27928
27928
27636
27636
27636
27636
27928
27928
27636
27636
29532
29532
29532
29532
29532
29532
29532
29532
29532
29532
29532
29532
29532
29532
29532
29532
27543
27543
27543
27543
29971
29971
29971
29971
29971
29971
29971
29971
29971
29971
29971
29971
29971
29971
29971
29971
29971
29971
29971
29971
29971
29971
29971
29971
29971
29971
29971
29971
29971
29971
29971
29971
29971
29971
29971
29970
29971
29628
29548
29548
29597
29597
29628
29636
29636
29644
29644
29708
29659
29658
29658
29657
29659
29674
29674
28691
27874
29693
29677
29691
29708
29718
29204
29717
29718
29722
29719
29719
29724
29723
29723
29730
29727
29727
29730
29730
29730
 7905
29736
29738
29745
29752
29752
29773
29766
29753
29743
29757
29760
29767
29767
29773
29773
29773
29646
29767
29767
29767
29646
29768
29773
29773
29767
29767
29646
29646
29646
29646
29773
29773
29773
29773
29773
29768
29768
29767
29767
29767
29767
29767
29767
29767
29767
29767
29767
29767
29773
29773
29767
29767
29767
29767
29767
29773
29773
29773
29773
29773
29773
29773
29773
29773
29773
29773
29773
29773
29773
29773
29646
29646
29767
29767
29767
29767
29767
29767
29767
29767
29767
29767
29767
29767
29767
29767
29767
29767
29773
29773
29773
29767
29774
29774
29774
29774
29767
29767
29767
29773
29773
29773
29773
29768
29768
29768
29768
29767
29767
29773
29773
29767
29767
29767
29767
29767
29767
29773
29773
29773
29773
29773
29773
29773
29773
29767
29767
29767
29767
29767
29767
29767
29767
29767
29767
27947
29785
29785
29806
27947
29806
29817
29817
29821
29233
29233
29233
29324
29233
29826
29829
29821
27046
27046
27046
27046
27046
27046
27046
27046
29829
27189
27793
29120
27189
29831
29831
28302
28302
29231
29231
27038
27038
27084
27084
29396
29396
27381
27381
29120
26813
26813
26813
26813
26813
29617
29617
26813
26813
26813
29511
26813
26813
28091
28091
29511
26813
26813
26813
29186
29186
26813
26813
26813
28422
28422
26727
26727
26813
26813
29690
29690
26320
26320
26830
26830
26809
28677
28677
26809
26234
26234
28501
29558
29692
29692
29558
25948
28328
29675
29675
26627
26627
28328
26072
26072
26988
26988
25948
26986
26986
27379
27379
27781
26759
26728
26728
29802
29802
26759
27781
28084
28084
27466
27466
28687
28687
28487
28487
26837
26837
29105
29105
28696
28696
27344
27344
27344
27344
27294
27294
28501
27373
27329
27329
28487
28487
27373
27373
28653
27373
27373
28653
27373
27913
27913
27373
27373
27400
29835
29201
29201
27400
27373
28699
28487
28487
27038
27038
27373
27373
28659
28659
27373
27373
28699
28699
28699
28699
28761
28761
26927
26927
28699
28699
28699
28699
28699
28699
28699
28699
28699
28699
28699
28699
28699
28699
28699
28699
28699
28699
29844
28699
28699
28699
28699
28699
28699
28699
28699
28699
25965
28566
28566
28604
28604
29432
29432
27027
27027
28463
28463
28463
28463
29240
29710
29710
29240
29710
29710
29710
29710
28944
28944
29713
29713
26490
28763
27335
27335
27335
27335
27335
27335
28763
28763
28763
28763
28763
28763
27610
27610
28763
29206
29206
29849
29849
27613
27613
27593
27593
27593
27593
27593
27593
26723
28590
28590
28849
26723
28849
28849
26723
26723
28849
28028
28028
28028
28028
27970
27280
27280
28819
28819
27280
27280
26815
26815
28741
28741
27970
28495
27415
27415
27415
27415
29231
29231
28407
28407
27415
27415
28495
28098
27606
27606
29860
29860
28098
28170
28098
28098
29863
28170
28170
28170
27291
29861
27420
27420
27291
29540
29540
29698
29698
28681
28681
28681
28681
28681
28681
28681
28681
28681
28681
29653
29653
29861
29870
28454
28454
28454
28454
28454
28454
29861
28878
27518
27518
27518
27518
28878
28544
29875
28544
28544
28544
29509
29877
29877
28910
28910
29409
29409
28607
28607
29509
29509
29509
29867
27288
27288
29049
28969
28969
26815
26815
28969
28969
26815
26815
29049
28490
29883
29019
29019
28490
28490
28490
28490
28490
29878
28064
28064
27951
27951
27951
27951
26815
26815
29447
29447
29882
29882
28500
28500
28500
28500
26815
26815
26815
26815
26815
26815
29878
26815
27547
27547
27547
27547
27547
27547
27547
27547
27547
27547
27547
27547
27547
27547
27547
27547
27547
27547
27547
27547
27547
27547
27547
27547
27547
27547
27547
27547
27547
27547
26815
26815
27400
27400
29892
29892
29892
29892
29892
29892
29892
29892
29892
29892
29892
29892
29892
29892
29892
29892
26815
26815
29892
29892
27913
27913
26815
26815
26815
27379
27379
27379
27379
27379
27884
27884
27379
27379
27379
27379
27379
27379
27379
27379
27379
27379
27379
27379
27379
27379
27379
27379
27379
27379
27884
27884
27379
27379
27379
27379
27180
27180
27180
27180
27884
27884
27884
27884
27379
27379
27379
27379
27851
27851
29540
29540
28897
28897
27180
27180
27379
27379
27379
27379
27379
27884
27884
26815
29893
29893
26815
26815
26815
26815
26815
26815
28202
28202
26815
26815
26815
29038
29038
29038
29038
29038
27805
27805
27805
27805
29038
28216
28216
28216
28216
28216
28216
28216
28216
28216
28216
28216
28216
28216
28216
28216
28216
28216
28216
28216
28216
28216
28216
28216
28216
28216
28216
28216
28216
28216
28216
28216
28216
28216
28216
28216
28216
28216
28291
28291
28216
28216
27393
27393
27393
27393
28216
28216
27393
27393
27393
27393
27393
27393
27393
27393
27393
27393
27393
27393
28291
28291
28291
28291
27393
27393
27393
27393
27393
27393
27393
27393
28291
28291
27393
27393
27393
27393
28291
28291
28291
28291
28291
28291
28291
28291
28291
28291
28291
28291
28291
28291
28291
28291
28291
28291
28216
28216
29591
29591
29591
29591
29591
29591
29591
29591
29591
29591
29415
29415
29591
29591
29415
29415
29591
29591
29591
29591
29591
29591
29591
29591
29591
29591
29591
29591
29591
29591
29591
29591
29591
29591
29591
29591
28216
28216
28216
29034
29494
29494
29034
29034
29034
29034
29034
27522
27522
29034
29034
29034
29034
29034
29034
27522
27522
27522
27522
29034
29034
29034
29034
29034
29034
27522
27522
29034
29034
29034
29034
29034
29034
29034
29034
29034
29034
29034
29034
27522
27522
27522
27522
27522
27522
27522
27522
29184
29184
29034
29034
29034
29034
29034
29034
29034
29034
29034
29034
29034
29034
29184
29184
29034
29034
29034
29034
27522
27522
29034
29034
29034
29034
29034
29034
29034
29034
29034
29034
29034
29034
29034
29034
28275
29184
29184
28275
28275
28275
28275
28275
28275
28275
28275
28275
28275
28275
28275
28275
28275
28275
28275
28275
28275
28275
28275
28275
28275
28275
28275
28275
28275
28275
28275
28275
28275
28275
28275
28275
28275
28275
28275
28275
28275
28275
28275
28275
28275
28275
28275
28275
28275
28275
28275
28275
28275
28275
28275
28348
28348
28202
28202
29631
29631
29631
29631
28275
28275
28275
29540
29540
29540
29540
29540
29540
29540
29540
29540
29540
29540
29540
29540
29540
29540
29540
29540
29540
29540
29540
29540
29540
29540
29540
29540
29540
29540
29540
29540
29540
28275
29540
29540
28275
28275
28275
29898
29898
28275
28275
28275
28275
28275
28275
28275
28177
28177
28177
28177
28177
28177
28177
28177
28275
28177
28177
28275
28275
28306
28306
