25948
25965
26072
26105
26132
26234
26236
26256
26320
26384
26410
26490
26622
26627
26632
26653
26723
26727
26728
26743
26759
26760
26764
26767
26786
26789
26798
26809
26813
26814
26815
26823
26830
26831
26837
26859
26873
26877
26889
26900
26917
26927
26930
26950
26972
26986
26988
26998
27005
27019
27021
27024
27027
27028
27038
27046
27058
27059
27084
27131
27149
27157
27179
27180
27189
27209
27280
27288
27291
27294
27298
27314
27325
27329
27335
27339
27342
27343
27344
27350
27351
27373
27379
27381
27384
27393
27400
27415
27420
27440
27450
27466
27485
27495
27497
27504
27518
27520
27522
27535
27539
27541
27543
27545
27547
27584
27593
27606
27610
27613
27636
27651
27702
27778
27781
27786
27788
27793
27805
27842
27851
27852
27853
27868
27874
27884
27912
27913
27922
27928
27947
27951
27970
28016
28028
28035
28050
28064
28084
28091
28098
28109
28142
28143
28150
28170
28177
28191
28202
28205
28207
28211
28212
28216
28223
28254
28275
28287
28291
28302
28304
28306
28316
28321
28328
28341
28343
28348
28359
28362
28365
28366
28368
28392
28407
28422
28432
28454
28463
28470
28471
28476
28478
28481
28483
28487
28490
28495
28499
28500
28501
28502
28506
28535
28544
28566
28590
28603
28604
28607
28610
28638
28640
28642
28653
28655
28659
28660
28661
28677
28679
28681
28687
28688
28690
28691
28696
28699
28718
28729
28741
28761
28763
28765
28793
28805
28819
28828
28829
28834
28835
28847
28849
28878
28879
28886
28897
28910
28933
28943
28944
28945
28951
28969
29000
29019
29034
29037
29038
29049
29054
29065
29080
29098
29102
29105
29109
29110
29120
29141
29148
29162
29166
29184
29186
29187
29201
29202
29204
29206
29216
29229
29231
29233
29240
29261
29268
29280
29292
29299
29323
29324
29329
29334
29343
29364
29377
29379
29396
29405
29409
29415
29432
29436
29439
29447
29449
29455
29474
29489
29494
29505
29509
29510
29511
29514
29515
29528
29531
29532
29540
29542
29548
29558
29566
29591
29597
29606
29609
29617
29618
29623
29628
29631
29636
29644
29646
29651
29653
29657
29658
29659
29660
29670
29674
29675
29677
29689
29690
29691
29692
29693
29698
29702
29707
29708
29710
29713
29717
29718
29719
29722
29723
29724
29725
29727
29729
29730
29731
29734
29736
29738
29743
29745
29752
29753
29757
29758
29760
29766
29767
29768
29772
29773
29774
29779
29785
29792
29796
29801
29802
29806
29817
29821
29822
29826
29829
29831
29833
29835
29837
29844
29847
29849
29855
29858
29859
29860
29861
29863
29867
29870
29871
29874
29875
29877
29878
29882
29883
29892
29893
29898
29905
29928
29932
29937
29938
29941
29942
29945
29946
29955
29959
29960
29962
29967
29969
29970
29971
 7905
